
[Paper0]
Name=Custom Size 1
DisplayName=Custom Size 1
Width=165.09999999999999
Height=304.79999999999995
MarginTop=6.3499999999999996
MarginBottom=14.224
MarginLeft=6.3499999999999996
MarginRight=6.3499999999999996
Orientation=portrait
